100
5698
7755
7975
1362
2131
3889
2180
2420
2056
1524
7964
4261
6125
4331
1674
4337
3673
7166
4346
2155
6169
4166
4887
7684
6464
4504
2763
7719
2724
3387
6546
7174
1740
7892
7268
2130
5479
5356
6482
1015
2896
4350
6784
5606
2146
7411
3178
1923
1056
2765
1263
5844
6041
6929
7635
1193
3691
7912
7452
3410
3264
2809
7572
4397
3916
1268
4056
7842
2896
3061
4607
5189
2313
1911
4119
1041
5518
7638
5191
1215
4691
1100
3387
2688
4031
3377
6124
4537
2111
3416
3177
7414
7671
4176
7667
1092
4317
5978
1717
6964
0
300
y
0
3
y
30
40
y
0
100
y
0
99
y
99
100
y
55
56
y
90
92
y
17
86
n
